hash:2955292684
location.id:cerulean_city
map.position:10.000000, 17.000000
